.i 8
.o 4
.ilb a7 a6 a5 a4 a3 a2 a1 a0
.ob o4 o3 o2 o1
.p 184
00000000 1011
00000001 1011
00000010 1011
00000011 1011
00000100 1011
00000101 1011
00000110 1011
00000111 1011
00001000 1011
00001001 1011
00001010 1011
00001011 1011
00001100 1011
00001101 1011
00001110 1011
00001111 1011
00010000 1011
00010001 1011
00010010 1011
00010011 1011
00010100 1011
00010101 1011
00010110 1011
00010111 1011
00011000 1011
00011001 1011
00011010 1011
00011011 1011
00011100 1011
00011101 1011
00011110 1011
00011111 1011
00100000 1011
00100001 1011
00100010 1011
00100011 1011
00100100 1011
00100101 1011
00100110 1011
00100111 1011
00101000 1011
00101001 1011
00101010 1011
00101011 1011
00101100 1011
00101101 1011
00101110 1011
00101111 1011
00110000 1011
00110001 1011
00110010 1011
00110011 1011
00110100 1011
00110101 1011
00110110 1011
00110111 1011
00111000 1011
00111001 1011
00111010 1011
00111011 1011
00111100 1011
00111101 1011
00111110 1011
00111111 1011
01000000 1011
01000001 1011
01000010 1011
01000011 1011
01000100 1011
01000101 1011
01000110 1011
01000111 1011
01001000 1011
01001001 1011
01001010 1011
01001011 1011
01001100 1011
01001101 1011
01001110 1011
01001111 1011
01010000 1011
01010001 1011
01010010 1011
01010011 1011
01010100 1011
01010101 1011
01010110 1011
01010111 1011
01011000 1011
01011001 1011
01011010 1011
01011011 1011
01011100 1011
01011101 1011
01011110 1011
01011111 1011
01100000 1011
01100001 1011
01100010 1011
01100011 1011
01100100 1011
01100101 1011
01100110 1011
01100111 1011
01101000 1011
01101001 1011
01101010 1011
01101011 1011
01101100 1011
01101101 1011
01101110 1011
01101111 1011
01110000 1011
01110001 1011
01110010 1011
01110011 1011
01110100 1011
01110101 1011
01110110 1011
01110111 1011
01111000 1010
01111001 1010
01111010 1010
01111011 1010
01111100 1010
01111101 1010
01111110 1010
01111111 1010
10000000 0110
10000001 0111
10000010 1111
10000011 1111
10000100 0010
10000101 0011
10000110 1010
10000111 1011
10001000 0110
10001001 0111
10001010 1111
10001011 1111
10001100 0010
10001101 0011
10001110 1010
10001111 1011
10010000 0110
10010001 0111
10010010 1111
10010011 1111
10010100 0010
10010101 0011
10010110 1010
10010111 1011
10011000 0110
10011001 0111
10011010 1111
10011011 1111
10011100 0010
10011101 0011
10011110 1010
10011111 1011
10100000 0110
10100001 0111
10100010 1111
10100011 1111
10100100 0010
10100101 0011
10100110 1010
10100111 1011
10101000 0110
10101001 0101
10101010 1111
10101011 1101
10101100 0011
10101101 0001
10101110 1010
10101111 1001
10110000 0111
10110001 0111
10110010 1111
10110011 1111
10110100 0011
10110101 0011
10110110 1010
10110111 1010
10111000 0111
10111001 0111
10111010 1111
10111011 1111
10111100 0010
10111101 0010
10111110 1011
10111111 1010
11000000 0110
11000001 0111
11000010 1111
11000011 1111
11000100 0010
11000101 0011
11000110 1010
11000111 1011
11001000 0110
11001001 0111
11001010 1111
11001011 1111
11001100 0010
11001101 0011
11001110 1010
11001111 1011
11010000 0110
11010001 0111
11010010 1111
11010011 1111
11010100 0010
11010101 0011
11010110 1010
11010111 1011
11011000 0110
11011001 0111
11011010 1111
11011011 1111
11011100 0010
11011101 0011
11011110 1010
11011111 1011
11100000 0110
11100001 0101
11100010 1110
11100011 1101
11100100 0011
11100101 0001
11100110 1011
11100111 1001
11101000 0111
11101001 0111
11101010 1111
11101011 1111
11101100 0011
11101101 0011
11101110 1011
11101111 1011
11110000 0111
11110001 0111
11110010 1111
11110011 1111
11110100 0011
11110101 0011
11110110 1010
11110111 1010
11111000 0111
11111001 0111
11111010 1111
11111011 1111
11111100 0011
11111101 0011
11111110 1010
11111111 1010
.e
